0 1.58 3.63 12.45 93.73
1 1.50 3.63 12.48 39.25
2 1.51 3.61 12.75 367.01
4 1.50 3.61 12.70 62.69
8 1.50 3.61 12.73 21.37
16 1.51 3.59 13.18 28.34
32 1.59 3.69 13.04 22.42
64 1.60 3.73 12.91 526.00
128 2.64 5.22 14.37 716.02
256 2.65 5.32 14.42 41.45
512 2.76 5.44 14.60 1907.57
1024 2.93 5.58 14.85 1803.65
2048 3.30 5.85 12.03 38.04
4096 3.96 6.98 13.34 28.37
8192 4.69 7.65 14.32 41.68
16384 6.23 9.33 16.12 198.89
32768 12.50 15.25 23.94 154.19
65536 16.79 18.66 28.01 46.88
131072 26.44 28.10 39.14 141.39
262144 45.75 47.26 60.08 131.21
524288 84.32 85.85 98.62 108.65
1048576 161.59 162.57 170.90 190.11
2097152 315.97 324.95 322.45 340.77
4194304 624.03 792.14 633.48 650.77
