thread 1
# OSU MPI Multi-threaded Latency Test v5.4.3
# Size          Latency (us)
0                       1.58
1                       1.50
2                       1.51
4                       1.50
8                       1.50
16                      1.51
32                      1.59
64                      1.60
128                     2.64
256                     2.65
512                     2.76
1024                    2.93
2048                    3.30
4096                    3.96
8192                    4.69
16384                   6.23
32768                  12.50
65536                  16.79
131072                 26.44
262144                 45.75
524288                 84.32
1048576               161.59
2097152               315.97
4194304               624.03
thread 2
# OSU MPI Multi-threaded Latency Test v5.4.3
# Size          Latency (us)
0                       3.63
1                       3.63
2                       3.61
4                       3.61
8                       3.61
16                      3.59
32                      3.69
64                      3.73
128                     5.22
256                     5.32
512                     5.44
1024                    5.58
2048                    5.85
4096                    6.98
8192                    7.65
16384                   9.33
32768                  15.25
65536                  18.66
131072                 28.10
262144                 47.26
524288                 85.85
1048576               162.57
2097152               324.95
4194304               792.14
thread 4
# OSU MPI Multi-threaded Latency Test v5.4.3
# Size          Latency (us)
0                      12.45
1                      12.48
2                      12.75
4                      12.70
8                      12.73
16                     13.18
32                     13.04
64                     12.91
128                    14.37
256                    14.42
512                    14.60
1024                   14.85
2048                   12.03
4096                   13.34
8192                   14.32
16384                  16.12
32768                  23.94
65536                  28.01
131072                 39.14
262144                 60.08
524288                 98.62
1048576               170.90
2097152               322.45
4194304               633.48
thread 8
# OSU MPI Multi-threaded Latency Test v5.4.3
# Size          Latency (us)
0                      93.73
1                      39.25
2                     367.01
4                      62.69
8                      21.37
16                     28.34
32                     22.42
64                    526.00
128                   716.02
256                    41.45
512                  1907.57
1024                 1803.65
2048                   38.04
4096                   28.37
8192                   41.68
16384                 198.89
32768                 154.19
65536                  46.88
131072                141.39
262144                131.21
524288                108.65
1048576               190.11
2097152               340.77
4194304               650.77
