thread 1
# OSU MPI Multi-threaded Latency Test v5.4.3
# Size          Latency (us)
0                       1.58
1                       1.50
2                       1.50
4                       1.50
8                       1.50
16                      1.50
32                      1.59
64                      1.59
128                     2.63
256                     2.67
512                     2.77
1024                    2.93
2048                    3.31
4096                    3.97
8192                    4.69
16384                   6.26
32768                  12.51
65536                  16.86
131072                 26.43
262144                 45.70
524288                 84.21
1048576               161.52
2097152               316.06
4194304               623.96
thread 2
# OSU MPI Multi-threaded Latency Test v5.4.3
# Size          Latency (us)
0                    1784.95
1                    3924.78
2                    4128.57
4                    3551.52
8                    3934.26
16                   4033.92
32                   3615.69
64                   4001.10
128                  3929.32
256                  3701.08
512                  1373.30
1024                  147.98
2048                 1062.45
4096                 1093.87
8192                 1000.50
16384                 969.71
32768                 961.03
65536                 908.57
131072                823.03
262144                704.86
524288                660.01
1048576               785.17
2097152               755.02
4194304               993.17

0                    1642.01
1                     668.28
2                    1012.17
4                    1190.66
8                     703.84
16                   1271.20
32                   1416.94
64                   1406.65
128                  2839.14
256                  1833.40
512                  3720.63
1024                 2132.09
2048                  477.52
4096                  466.94
8192                  323.39
16384                 329.26
32768                 127.11
65536                  89.08
131072                 53.97
262144                128.59
524288                222.64
1048576               307.19
2097152               644.09
4194304               923.37

0                     889.86
1                    2670.32
2                    1942.61
4                    3288.37
8                    2116.55
16                   3109.76
32                   1547.45
64                   1871.53
128                  2478.42
256                  1533.90
512                  1316.84
1024                 1220.42
2048                  908.65
4096                  920.76
8192                  874.41
16384                 948.72
32768                 548.42
65536                 513.58
131072                411.20
262144                383.97
524288                545.07
1048576               443.12
2097152               677.01
4194304               810.94

