0 1.52 1.69 1.11184
1 1.46 1.58 1.08219
2 1.44 1.54 1.06944
4 1.43 1.50 1.04895
8 1.47 1.49 1.01361
16 1.47 1.50 1.02041
32 1.53 1.59 1.03922
64 1.57 1.59 1.01274
128 2.76 2.63 0.952899
256 2.75 2.68 0.974545
512 2.80 2.79 0.996429
1024 3.03 3.17 1.0462
2048 3.44 3.40 0.988372
4096 4.17 4.00 0.959233
8192 5.55 4.69 0.845045
16384 7.85 6.25 0.796178
32768 12.98 12.69 0.977658
65536 17.22 16.83 0.977352
131072 26.82 26.46 0.986577
262144 46.40 45.63 0.983405
524288 84.41 84.05 0.995735
1048576 161.66 161.49 0.998948
2097152 315.10 315.61 1.00162
4194304 623.63 623.76 1.00021
